2.1303,-2.9127,1.0306,4.6458,-1.7949,1.7703,1.5493,1.2565,-1.4154,3.815,0.43819,-2.0865,0.29307,2.8009,-1.0572,2.0092,-0.89843,0.1439,-0.20266,1.0434,-1.4071,-4.581,7.3116,2.6681,-1.3652,-0.98531,0.281,1.8427,3.2255,-0.34551,1.6368,2.215,1.63,-2.9153,2.304,0.80813,1.9426,0.79368,0.8966,-3.0092,1.0817,1.7085,-0.75965,-0.922,1.9585,-0.49943,1.2047,-0.16196,4.4299
-1.7674,1.7612,0.030925,-1.2788,0.33381,2.0335,-2.2242,-4.3392,0.76946,-4.7945,-5.7736,1.6785,-0.43939,-2.3888,0.68172,-0.96824,-2.23,-0.3323,-4.1242,-1.2148,-1.5355,-2.4141,-0.044894,-2.1262,3.0969,-2.4564,-0.50498,-4.6953,-1.9588,-0.23703,-1.7343,-0.67626,0.77379,2.518,-1.1036,0.11692,-0.62113,-1.3239,1.3394,-1.0782,-2.5803,-0.77802,-1.965,-3.0609,1.0674,-1.5486,3.5403,0.33056,2.5624
1.5625,-0.45624,-1.8115,-3.4773,-2.004,-0.31962,1.3937,1.4426,-2.0906,0.68203,0.47197,-3.9459,-1.9925,-1.4661,-2.2381,-1.1102,-1.3667,-1.5743,-1.7398,-2.0944,-2.2176,2.0986,0.58443,2.4618,1.7707,1.4148,2.6286,0.17296,0.49487,1.2486,-0.85937,2.0742,-0.90186,-0.53174,0.52801,0.51734,0.83956,-1.8537,1.504,0.93447,3.1266,2.0646,2.8674,0.88436,0.70392,0.050569,0.32347,0.50919,-1.8694
1.9963,0.32968,-3.7032,-5.8721,-1.4596,-2.7198,-1.281,0.37644,3.9461,3.8607,-3.3164,2.873,3.7963,-0.61648,-2.0041,0.30527,0.14275,-1.6226,-2.2556,-0.40659,-0.099038,-2.3943,-0.7827,0.73324,-2.299,0.039658,-2.9258,1.297,0.59757,-4.2746,-0.53443,0.82776,-1.9027,-3.4193,1.4088,0.48217,1.5893,-0.78973,4.8284,1.7754,1.3283,-1.4941,0.80517,0.90177,2.2033,1.4568,2.446,2.5052,0.35531
-2.9849,-5.094,0.0091054,1.8378,1.3093,0.83791,-0.54706,-0.54251,-0.25983,-5.7115,-0.074449,-0.1416,-2.525,-1.3775,-0.1838,-0.45891,-0.48664,1.946,2.7903,-1.5307,0.48419,1.7236,-1.6579,-0.5038,-0.25747,-2.6954,0.87829,0.40508,-1.4755,-2.4295,-0.50334,-0.31562,2.6672,-1.1236,-0.82408,0.41142,-1.5934,-1.3024,-0.64816,0.55672,0.32812,-0.73896,-0.067043,-1.3335,-1.5363,-4.1365,0.15003,2.0448,-5.7363
1.0394,3.1177,1.8769,-1.0921,2.4369,0.20588,-0.18893,0.29602,-2.955,2.1823,-0.78189,-4.1766,-0.44212,0.95217,-0.26417,-0.057119,-0.97705,-1.7567,-0.53103,0.73368,-0.9266,-5.9329,1.0215,1.1824,-0.55226,6.8425,2.7984,1.7001,2.0487,4.3108,3.0096,1.0762,-0.23237,8.2224,1.1129,2.4242,3.042,-3.0007,2.9875,-3.1693,0.94754,0.14674,2.4083,1.6264,5.0551,2.0355,-5.134,1.6881,0.44076
-1.1954,1.6318,-0.79154,3.1953,-0.27356,-0.20342,3.9999,0.59055,3.0216,1.1737,4.1159,-1.3791,0.8215,-1.0935,-1.4535,-0.02654,0.75538,2.4032,-1.7927,0.17086,3.2609,0.38989,2.0624,-1.019,3.04,-1.649,-0.67912,0.44984,0.94092,-0.78584,2.211,-1.5646,-0.056819,1.0269,1.4128,-0.50869,0.025955,1.2761,-0.23601,-0.95783,0.70817,-1.8906,-2.0031,0.86785,-1.4324,-0.90912,2.4737,-1.3788,-4.3226
0.81568,0.20298,2.3394,-2.106,-0.16157,-4.318,-0.87382,-0.49621,2.1018,-0.7406,-1.0708,-0.84386,-2.6913,-2.3773,1.6798,-0.22799,0.9233,0.56296,-1.2842,-2.0301,0.64264,4.3745,-2.4673,-1.8746,0.0088538,-1.9601,0.38669,-0.87091,-6.6568,-1.213,-0.63176,-2.4457,1.1287,0.66577,-0.62171,-1.9003,-1.4462,1.8793,-0.77032,-2.9385,-1.6123,-2.5994,-1.524,-2.7775,-2.7136,-0.15209,0.51436,-3.8379,-0.58586
0.55948,-0.82978,0.73476,-0.53285,-0.51159,4.0645,-3.1274,3.7451,2.552,-3.7768,-1.8948,2.9047,-0.63124,2.332,3.636,0.74572,-0.70039,3.5525,-0.36888,-1.6909,-1.8029,1.4135,0.45299,-0.63013,-0.71737,-0.96038,-0.87002,-0.96258,0.12472,0.71977,0.3459,-0.63369,-0.79789,-1.0207,0.59396,-1.0057,-2.3276,1.4326,-0.29536,1.8514,2.402,-0.81312,-1.4105,-2.0661,0.69747,1.4322,0.18272,-3.4827,-0.57404
-0.62485,-0.28984,1.33,-4.376,0.49904,2.7146,1.924,-1.3293,2.0524,-1.7747,3.0553,-0.76426,-2.0596,2.0203,0.56506,-0.32551,1.4236,0.3017,-1.8828,-0.81492,1.5445,-0.37609,-3.3781,0.73653,0.93796,-1.1496,3.2774,-0.37391,-1.8102,-1.9373,-2.4703,-2.6215,-5.0811,0.089016,-0.6588,1.1516,-1.6066,-2.725,-0.30281,-1.6784,-1.964,-0.12222,-0.9407,-1.5,-0.18605,-1.0111,1.1757,3.078,-2.5462
-0.12697,2.8769,-2.7598,1.5527,0.28882,-0.55036,-0.68398,-1.4646,0.10067,1.9408,0.86071,1.7777,0.4798,-2.5811,0.30674,1.9701,0.22655,-0.63067,-1.3325,-0.067735,0.77007,0.71557,4.3405,1.7255,-3.9258,1.7993,-1.2706,0.56083,2.1465,1.0049,-0.00090801,2.0233,-0.12249,1.9202,1.7534,3.0545,1.7761,-2.131,1.3138,-0.79441,0.15005,1.2427,-0.02628,-0.31085,-0.85384,1.2971,1.7073,2.1429,-0.4772
-0.35726,-4.8553,-3.5166,0.014681,-0.90135,-1.5492,0.43571,-2.1432,-2.9275,0.015138,0.60731,-5.1975,-4.8031,1.3647,-1.3283,1.6551,2.2994,-2.6008,0.51432,-1.1761,-2.1898,-0.00074559,3.4184,1.0377,0.50437,1.5495,-0.91099,1.7176,-0.32048,1.4336,0.83596,0.79671,-1.8126,0.57459,1.2238,0.020826,-0.35099,-0.22452,1.4017,-2.4042,0.92387,0.31493,-0.49495,1.4081,1.7989,1.4621,0.66295,-1.5597,0.0809
1.9255,6.0963,3.6077,0.099215,1.8458,-0.69283,2.469,1.2602,3.7917,-0.33962,-0.97078,2.1706,2.1206,-0.94265,0.56725,1.3052,2.1354,-1.8354,0.53398,1.8893,2.1333,4.4854,-2.9064,2.1006,3.5384,-0.056275,5.7798,-0.48027,0.63224,3.0783,0.3706,2.3998,-0.10696,0.93722,1.0383,0.25672,1.685,2.1736,1.9387,2.2133,0.49728,4.5023,0.040784,2.0951,1.0303,2.729,3.9763,1.4815,-1.2399
-1.5195,-6.2075,-1.6014,1.8253,2.2368,-0.51855,0.72833,-0.5445,-1.2552,-5.2004,-0.77341,0.69118,-1.8381,-3.6271,0.66928,1.1551,-0.2436,-0.58391,2.3143,-0.62344,0.59656,-2.0136,-4.5066,-1.6573,0.88021,0.76267,-0.17363,-2.0591,-2.4529,0.44939,-1.8178,0.7998,-0.28952,-0.8052,1.0182,-1.2829,-0.32741,-3.0592,0.3493,-0.4389,1.4026,1.0986,2.9761,-0.097726,-1.8838,4.4539,0.44449,-0.80315,4.6654
0.38427,3.5304,0.0044904,0.50797,1.0081,1.1854,0.8976,-0.14595,3.5475,5.6725,-0.70242,-0.10183,0.98273,0.41508,1.7646,2.1224,1.3931,3.3222,1.1886,-1.2767,3.57,7.3024,5.6065,2.7845,0.54521,0.88932,-7.5531,2.358,0.72076,2.3405,0.78449,1.3798,-5.8288,0.38426,0.71711,-0.39127,-0.64221,2.2459,-0.055302,2.0412,0.28322,2.2829,2.3045,1.7955,-2.477,0.23478,4.0797,-0.14985,-2.7951
-1.2399,-2.8745,2.4076,-4.21,1.4295,2.1026,-0.33597,-2.5478,1.2109,-4.8169,5.612,-2.6829,2.0978,-1.2774,0.79734,1.0183,0.46328,-3.543,0.55767,-1.3555,2.6176,-3.2629,-0.84756,2.5299,1.4501,-0.80356,1.3687,0.86263,3.6448,3.7411,1.0494,1.1893,-1.8426,0.42947,1.2687,1.6387,0.10014,0.94256,3.5058,-1.6914,2.3707,2.4591,-0.23066,2.9279,3.3332,1.5735,-0.53988,0.06784,-0.88684
0.8779,3.2268,-0.1906,-0.74605,-0.34375,-1.1016,-4.6689,-3.1465,3.5133,-0.69499,3.2492,-0.010667,1.6473,-0.21066,0.77905,-0.42665,1.7701,0.72396,1.5448,-0.51478,-0.041391,4.59,3.8948,2.3572,1.4874,-1.0219,0.61872,1.8929,2.2581,0.56417,1.2555,-2.3178,-0.14139,-0.64314,0.092825,0.90995,1.4536,-1.1776,2.8991,-1.6398,-0.0063983,0.18334,4.4083,3.6619,3.9187,-3.7976,3.6869,3.2329,4.12
-1.4845,3.5465,4.6525,-2.0797,3.1233,1.9845,2.3051,-1.1898,3.3619,0.091284,2.0544,1.9238,1.0434,-0.22122,-1.3125,-1.2324,2.5021,-0.055383,0.79551,0.45216,-1.4907,4.5558,-3.7379,-0.64658,1.0647,0.22432,0.30142,-0.14477,-0.2503,0.31713,1.9221,-1.3232,0.94881,1.214,1.0151,-3.9425,1.8798,0.3423,-3.9676,2.1961,0.54087,5.9446,0.32052,-2.2558,-0.10278,-3.1428,0.78929,1.7562,3.0048
-0.084171,0.10148,0.60822,2.2956,2.4109,3.4224,3.2392,-0.94896,-1.4395,-0.84045,-5.6065,0.55274,-0.61441,-0.49223,2.5218,1.1865,-0.025443,-0.57259,-3.1572,0.88289,1.9045,-2.7006,-1.6433,-0.10484,0.58121,-1.1067,-0.35933,-2.7077,-0.33009,1.481,1.5524,-1.8788,-0.96259,-0.21887,-1.2185,-1.6546,0.51186,-0.76323,-1.6957,3.3925,0.38232,-0.98796,0.42247,1.9624,1.0473,-4.1736,-4.2984,0.052363,1.4169
-0.86448,6.0109,1.1533,1.4697,0.49328,-0.39411,-2.1641,-1.5975,-3.6215,2.0474,-0.45933,-1.5646,2.2547,0.54428,-1.0499,-1.0597,0.48315,-0.88407,-0.064959,1.2119,-0.38853,3.298,0.5076,0.92316,0.20909,0.42475,-0.084333,0.30232,-1.3824,-2.592,0.41763,0.75858,-3.0193,0.092714,0.35474,-0.82686,3.4049,0.39052,0.20347,-4.1207,0.47073,-0.7885,0.91489,-1.2602,0.96911,1.5303,-1.5024,2.448,1.8421
0.66619,-1.8782,-1.6496,-0.31201,-1.4612,3.1192,-2.1135,-1.9833,4.0908,1.1295,-2.4833,1.8058,0.11348,-0.33897,2.7915,-0.69003,-0.92794,2.2957,1.5988,-1.2125,-1.6203,-0.48361,0.0023049,0.92581,2.5359,2.3802,0.3859,-1.1073,3.9551,5.2766,2.4618,0.0020624,3.668,0.66886,1.8986,2.6483,1.1487,0.45791,0.20081,2.0076,-1.6367,0.97575,0.85928,0.4822,2.1396,1.7271,-1.0765,2.117,2.9141
-2.0297,2.4516,-1.7658,-5.3064,-0.8072,0.083368,1.7033,-2.443,-0.84859,-4.1245,1.8831,0.22821,1.329,1.66,0.51951,0.25304,-0.83519,-0.054893,-0.044572,-1.192,-5.637,-0.19887,-0.34482,0.40123,-1.2633,-0.93477,1.0996,2.8343,-0.46234,-3.9318,1.4515,0.7481,0.71631,0.99981,-1.0173,-1.0237,-1.412,3.2644,0.41768,0.72354,-0.49715,1.5169,-0.22926,4.4511,-6.2523,-0.27356,2.4314,0.56938,-3.4506
-0.48199,-4.8743,-0.09658,-3.7863,1.9939,-0.3261,-1.6428,-2.0384,-0.80926,-1.351,-4.8283,-0.010271,-0.8397,1.2733,-2.4351,-0.136,-0.13397,-2.0099,0.74202,0.16833,-0.5406,-1.0672,3.6246,-0.82536,-0.45153,-2.0066,-3.6741,0.2696,-2.4018,-2.1834,-0.90986,-2.6209,-2.5669,-2.0422,-1.2898,-2.668,-0.6292,-2.0636,0.1342,2.5243,-0.62756,-0.71725,1.6871,0.5728,-0.0093825,-2.8448,-2.1093,0.63008,1.9235
-0.49853,4.6542,1.2747,0.65295,2.2311,3.693,-2.9672,0.61848,2.7171,-2.2739,-2.0054,-1.6394,-0.28671,-0.51753,1.7264,-0.12108,1.004,1.5756,2.2585,0.47005,-1.357,2.4363,-2.4031,-1.3162,-0.81968,-0.56311,-0.012087,0.085273,1.2745,1.4583,-2.0597,-1.0775,-0.068001,-1.4767,2.4805,-0.36083,0.4741,-1.7816,6.9646,-0.17034,2.4138,0.95802,-1.4463,-1.3143,-0.60511,-3.0078,-2.1035,-1.5321,-0.79264
0.64927,0.70681,-2.2107,-1.9148,1.7919,-6.6645,-0.98708,-1.3646,0.65881,0.08084,-0.36719,-0.33029,-2.4593,-1.2542,-0.30917,-2.3137,-1.5119,-0.85455,1.1373,0.89193,0.96625,-1.9007,-1.5239,-0.12354,-2.613,-0.44902,-1.8677,-0.81555,-1.4128,-0.47661,-0.89194,-0.20651,1.0714,-1.029,0.32371,1.0048,-0.37459,-0.92763,-0.47113,0.58777,-1.8009,-0.672,0.37163,-0.56617,-0.56597,-1.6698,-0.66347,1.1935,1.2779
2.724,-4.933,-0.092308,1.1444,-3.9451,3.9131,-0.43111,-0.7497,-1.8922,0.91837,0.31875,2.1755,1.8475,-0.40469,-2.705,-2.1985,-0.5518,-1.4217,5.6709,-1.2303,-4.2938,0.068976,1.7438,-0.47073,-1.3969,-0.75567,-0.029323,1.1913,-1.482,0.49035,0.76262,3.2378,-0.7577,-0.24251,0.55515,-3.8545,0.26328,-0.67959,0.61002,-4.2544,-0.30594,-1.8519,0.87114,-1.27,-1.8701,-1.5456,2.6914,-2.4517,-2.0583
-0.98074,0.27051,-1.9344,-0.85779,-2.3598,-3.4301,-1.2938,1.3046,-0.41367,-4.3956,2.1965,0.41876,3.4995,1.1145,-1.1541,-0.92583,-0.35838,-0.92247,4.7314,0.24041,0.14267,4.429,-4.2084,-0.2444,-2.5199,-0.83766,-2.8843,-0.19965,1.4691,-2.7412,-0.90913,-0.86624,3.1635,-0.29759,-0.53011,0.084821,-2.1329,0.40749,-1.8921,-1.019,-1.5853,-0.27835,-3.2746,1.336,0.26298,0.12305,-4.1275,-0.09502,-1.0078
-0.4506,-0.30109,-2.9016,1.0371,-2.639,-2.0962,1.3757,0.21677,-0.54753,-0.98047,-0.16859,-0.79346,-0.09357,-2.8806,-0.74087,1.1454,-0.17036,2.091,-0.6242,-0.89476,0.5881,2.529,0.61458,-3.1086,-0.96914,-2.0674,0.79368,-0.66238,3.6864,0.31418,-3.6372,-3.044,-0.97686,1.8883,0.1298,1.0219,0.47808,-0.81496,-0.58726,-1.6216,0.6396,0.94548,-0.081323,-0.53341,2.0085,-2.5303,-2.9504,2.4544,0.79439
0.50637,1.9391,2.2445,5.0574,-0.37143,-0.70639,1.2528,0.78579,-7.6736,-1.1436,1.2893,0.62677,0.83774,-0.0023557,0.30507,0.5565,0.34313,-0.34758,-0.56702,1.1328,-0.82442,-5.4902,0.14383,0.37768,-0.79123,2.5279,-0.68609,0.69012,-0.067679,-1.4398,1.4298,-0.25977,-2.6765,0.95668,-2.2385,-0.56253,0.46522,0.23894,0.054708,2.6332,-0.31288,-0.2299,-1.1819,-1.6319,-3.1184,0.44295,-1.8461,2.1752,-3.2337
-0.15413,-3.2936,-3.3293,-3.5916,-2.5902,-0.74097,-2.5778,1.4089,-0.60391,-2.1893,2.7111,-0.067505,0.1723,-0.37292,3.035,-1.7449,-2.6202,-0.38709,2.7275,-1.0267,0.54951,-2.0041,-2.8856,-0.32442,0.8963,-0.82252,2.2995,0.97984,0.33437,1.2598,-0.568,-2.4942,-1.6881,1.1334,0.42461,2.0169,0.17535,0.63778,0.96926,-2.7741,-1.806,0.20385,-0.066932,-4.5206,0.034239,-0.90494,-1.5046,1.7083,-0.31528
1.8208,-3.7571,-0.077551,0.47296,-1.4295,1.6678,0.67516,-0.12118,1.6723,0.28967,4.9777,-0.41748,1.2156,0.25133,-0.51612,0.78831,-0.85794,1.1953,-4.3224,-1.6721,2.2338,-3.4646,3.4852,0.95521,1.7678,2.9359,-0.18015,0.66139,0.67981,0.55561,0.47236,-0.31213,-3.0174,0.24964,3.3167,2.5419,0.13738,0.98823,1.5471,2.0716,-0.094157,2.1733,0.091055,-0.59118,-1.0073,1.0989,0.96037,-2.3656,1.9047
2.0538,-3.8551,1.311,-0.035424,-1.2335,0.11825,1.0286,0.27716,-0.28269,1.6811,1.3837,2.7842,-0.079399,-0.65087,0.64889,-1.512,-0.9386,-1.6127,0.90014,1.1229,1.0885,-4.4635,-0.37913,2.8869,3.6946,2.462,2.2705,0.45472,0.39637,1.5534,0.51044,2.0309,-1.8209,0.35166,-0.86471,0.76619,2.7502,0.88261,1.6588,-1.6756,0.081954,0.39547,1.1789,1.767,1.788,1.3732,-1.8687,-1.445,3.6527
-1.2592,-2.2582,1.3475,2.0103,3.4284,3.1119,0.88981,3.838,-4.9276,1.0943,1.3013,3.6437,-0.64665,-0.99684,0.57024,0.55363,-0.22552,-0.95199,0.79088,0.49256,-1.4127,1.0828,-2.7554,2.2703,2.0524,0.081054,1.3664,1.8382,0.39389,1.2582,-0.62974,-0.46054,-5.7039,-3.268,0.85189,-0.45206,1.9614,-0.1274,-2.3149,-2.2065,1.3178,-0.44241,-0.90177,1.9979,2.4647,-2.1405,2.109,-1.4359,-3.0848
1.8627,0.26039,-3.4407,4.129,-1.297,-0.61128,0.076885,0.64496,-4.5821,5.1822,-1.131,-2.3149,-0.77179,0.14948,0.65367,-0.31717,-0.12759,1.6659,-1.6315,-0.028019,-0.85446,-0.83621,0.82654,-1.7069,3.5806,0.70223,-0.19225,-0.53772,-2.2636,-1.685,2.7827,0.85155,1.3473,0.77143,-0.38117,-0.76041,-0.35278,-0.052803,-1.0695,2.146,0.43039,0.97672,1.0373,-1.7049,-1.8889,-0.34102,0.55904,-0.43679,2.3891
-1.9693,-1.0892,-0.26094,-3.5185,-1.2706,0.41612,-3.2465,0.85895,-1.1848,-0.97941,-0.62519,6.1386,0.2893,-2.8772,0.13629,-0.65095,0.22368,-1.19,-0.31161,-0.66033,2.2147,0.93006,4.8655,1.4116,6.2474,-2.3686,-0.27658,0.54939,-3.0236,0.67604,-1.1444,-1.9957,1.2192,0.95158,-1.4158,-0.78303,-2.848,0.19284,3.5389,-3.7684,-0.32673,-0.75586,-2.4178,-0.2564,-0.72434,-0.13614,-1.671,-1.988,2.7937
1.7026,-0.78391,3.1253,-1.5982,0.67415,-1.1887,-1.0168,-0.63906,-1.3219,0.31492,0.18797,-0.79431,-0.96354,-1.0405,0.59318,0.91297,-0.81638,-1.7977,-0.28799,1.5725,0.46567,0.49084,-0.55957,-0.58227,3.0596,0.67029,-3.686,2.0622,3.3522,-0.75031,-0.47679,-0.75681,1.1989,0.017972,1.7212,-1.3845,1.5325,0.26614,-0.91968,2.3763,1.0136,-2.4879,-0.1219,1.315,-1.0698,-0.47426,1.0026,-0.22234,-0.45594
-0.46503,-2.3281,-3.5071,-0.06149,-0.27977,1.2978,-0.61745,-3.271,2.7932,1.2272,-2.1854,-1.7781,1.8666,0.95814,1.3533,0.36717,0.39158,0.052603,-0.11531,-0.62922,6.8082,4.0467,2.8121,0.11863,6.7511,0.31685,-0.87391,0.97636,-2.6713,2.9641,-0.40075,-0.71701,2.418,1.6718,1.0121,2.0114,0.39812,1.6924,0.4791,3.8881,1.9079,0.51571,1.3007,-2.005,-0.32444,3.5538,-1.2965,-3.5546,0.28029
0.78332,-0.12596,-2.9662,5.0368,-0.25882,2.3016,0.49896,-1.4456,2.3058,2.3828,3.8151,-0.20315,1.1529,-1.6661,-1.5606,-0.78594,-0.65343,-0.61803,3.5283,0.55265,-0.75192,0.13056,0.73071,1.5035,1.7413,-0.40647,-0.94315,2.0648,2.1937,2.7763,0.55709,-0.50884,5.9322,1.0486,1.7825,0.2132,1.4845,-0.043282,-1.609,2.0073,0.041487,0.85239,2.4006,3.4003,0.87452,1.2569,-0.86036,0.10493,0.78514
-1.2625,4.8001,1.0971,-2.7443,-1.1476,1.5007,1.8589,1.3337,1.2328,1.7912,3.7135,2.269,-0.39226,3.5884,-0.11225,0.21437,1.9634,-0.68663,-1.075,1.462,0.60558,3.6213,0.99003,0.043608,-2.6129,-0.082536,0.14525,1.245,-0.23284,0.77135,1.8944,0.4318,-3.627,0.73049,1.186,0.35688,0.94936,0.20476,-6.2697,-1.3512,0.42549,0.17542,0.010007,1.8527,1.7116,-1.3047,-0.86914,-1.3569,0.68093
-2.5317,5.2607,-0.047189,-2.5198,-2.6596,-1.4893,-0.32687,-1.7657,0.30608,-5.3699,-1.7751,-1.66,-1.528,1.8858,-1.4151,2.6581,1.59,-1.1697,-1.8603,0.043555,1.5211,1.0353,0.88287,2.3697,-1.0802,-1.6325,-1.4804,-0.87504,1.5224,0.60914,-0.73931,2.8767,-0.81525,0.27646,-1.9168,1.5453,-1.1109,0.13569,-0.073383,-4.2998,-1.7841,-0.29627,1.1112,0.92845,0.17354,0.73389,-2.8063,-0.96509,1.3529
-1.5002,5.1209,1.0871,-2.2094,-2.3011,-2.3596,-3.2865,1.244,-1.654,1.1258,0.17819,-1.0564,1.594,0.10227,-0.098309,0.76568,-0.73205,-3.5579,-0.18878,-0.37076,2.9219,1.9945,-3.986,-1.262,-2.5678,-0.96789,2.0121,-0.02008,0.86294,-0.29804,0.024546,-2.0866,1.2257,0.095606,2.7273,-3.001,1.3723,-1.6091,3.0695,0.82058,0.18523,-0.46832,-0.22688,-1.6299,1.6483,-1.084,6.3382,-2.2723,-1.6125
-0.21329,5.1956,2.6355,0.41001,1.1915,0.92024,-5.5661,-2.994,0.86517,-0.078664,0.81624,-0.62588,1.2268,0.22957,0.28042,-1.4857,-1.5813,-0.22757,4.3234,0.20592,0.33237,-3.895,-5.887,0.45555,-0.56747,-0.59834,1.184,1.195,1.5092,0.066498,-0.25424,1.909,-0.52591,0.42183,-0.3737,-0.85894,-1.7583,1.6958,0.29321,1.2459,-0.83509,1.8345,0.51155,-0.65132,-2.4528,-0.4655,1.6061,-0.80709,3.8751
2.1865,1.0474,0.85427,-5.0276,1.8017,-0.11062,-3.1649,-2.1948,-0.53349,-0.18665,-1.7067,-2.1206,2.7083,-1.2338,0.50904,1.0164,0.57366,-1.8936,-2.2155,1.0796,-0.4373,3.3132,-2.3384,0.71,-0.51654,0.32137,0.46116,0.36983,0.16185,-1.6454,0.56585,1.3577,0.4544,-0.45174,-2.1026,-0.51936,-4.3411,-0.20873,-1.0011,2.1673,-0.9845,0.38561,1.3217,0.69729,4.2897,1.6164,-2.6699,0.19425,0.52452
-0.55812,-3.1414,0.1729,-0.33874,-0.20166,-0.90806,-2.8584,-1.7308,-3.0288,0.41229,0.32473,-0.25287,-0.86525,-0.74613,-0.96028,-0.88206,-2.5704,-0.2399,1.2333,1.0091,-0.38399,-4.8478,1.9946,-1.2646,-1.1344,-0.063034,1.6874,-0.00097215,2.2728,-0.12756,1.3278,0.53026,-0.98141,3.1839,1.3299,4.5532,0.5876,-0.20982,4.3796,-2.0448,0.15027,-0.57278,2.2989,-1.7568,2.0367,0.63864,1.9685,-0.20962,-2.6795
2.2235,2.2055,-1.5022,1.7402,-0.14379,0.50146,-2.596,-0.88687,1.9834,5.6056,-0.21268,0.55739,0.5566,-0.72765,0.28798,-0.83954,-0.51977,-1.3477,-4.8434,-0.23475,-1.7732,1.8416,2.2213,0.89885,-0.1484,-1.2856,-1.025,1.3212,2.2944,1.8003,-1.417,0.80016,-0.43951,2.367,-0.64035,0.51145,-0.068109,0.59061,3.11,0.25633,1.1847,-0.31459,1.2684,1.877,1.8411,1.5042,-1.4589,1.9229,1.8353
-0.82583,0.013884,2.8491,3.0122,0.4526,-3.3545,-0.023327,-3.075,-0.49162,-3.4057,1.8213,-1.0208,-4.0946,-3.9218,1.834,-0.56105,0.12991,-2.6082,-1.9078,-1.5075,-0.97083,-1.0153,-1.4075,-3.0438,0.43008,-3.4391,0.26373,-0.90646,-1.1643,0.06578,1.0023,-2.395,-1.7789,3.0326,-1.2813,-1.2452,0.58834,-1.3622,1.9582,-3.0995,-2.6295,0.67685,-0.94994,0.45925,-3.3577,-1.8211,3.0585,0.60381,-0.50864
-0.47851,-1.4317,0.88049,-3.0365,2.2396,-0.26364,3.6965,3.321,3.2887,-0.16421,-0.84622,3.1268,0.24097,3.7821,0.1614,0.17395,0.5748,0.1001,-2.9438,0.021401,1.9501,2.572,-3.074,-0.86374,-0.23962,-4.2849,1.0322,0.83354,-1.2099,-0.075053,1.4698,-1.6373,-0.609,4.6066,-3.9843,-0.078734,0.33676,-1.5863,-0.51447,-2.6213,-0.92935,1.0962,0.60806,-1.9647,0.65857,-0.094287,-1.299,-0.18469,-1.4809
-1.1565,2.9018,-1.3629,0.047956,-2.6986,3.606,-0.59747,-1.755,-0.71741,3.487,-0.20362,-2.1208,-2.5855,0.53236,-0.011649,-0.37734,0.22988,-0.46455,1.7734,0.063789,1.1655,-0.24555,-3.2451,-1.1351,-4.0742,1.1719,-3.0177,-2.1738,-1.6885,-1.3116,-1.9048,-0.81881,-1.2222,-1.5901,-1.9189,-1.319,-0.68993,-0.44905,0.7434,-3.0353,-1.5575,-0.289,-2.1328,-1.5714,1.0769,-0.63001,4.8413,0.53187,-3.9501
1.6142,-0.89055,-3.6333,0.27329,-0.69434,-2.2511,3.3031,0.85176,-1.5513,-2.7759,-2.3209,3.6071,1.4119,-0.26486,0.29963,-1.3959,-0.95096,-1.4133,0.64583,-0.48283,3.5987,-1.1638,-1.8951,0.80123,1.4544,0.7768,0.42782,-1.2069,2.7338,0.36225,0.72632,-0.42412,3.964,-5.1638,0.18034,1.5975,-1.1459,0.83509,0.1007,4.5366,0.0098049,-1.1038,1.4339,-1.6439,-2.2056,1.3243,3.2881,-1.1156,2.0987
-0.71559,3.4796,-0.992,-1.6293,-0.20897,-0.018445,-0.8105,5.4017,2.3376,-2.9909,0.31074,2.5678,0.049315,-1.739,-1.2672,1.4462,1.8307,1.2944,-2.2124,-0.48945,-0.82722,2.8819,-2.0954,-6.1757,1.7541,3.3831,2.1018,0.16985,0.01933,1.6343,1.8273,-0.047993,-1.0549,-1.4188,0.48012,3.2327,-1.0293,-0.90568,0.31638,-0.84898,0.55492,1.0512,0.5841,-0.017041,0.72443,0.65708,1.2906,0.79587,-2.5482
-0.36308,-0.77966,-1.3049,-1.092,-1.3726,-0.69265,-2.8266,-2.975,1.2528,5.6055,-1.918,-3.6537,-0.99371,-1.3773,0.22956,0.79184,-1.1148,-1.5559,0.78016,-0.05061,-2.2147,0.32854,2.1594,0.92597,0.61902,0.84772,0.89994,0.33724,-0.90013,-0.69524,1.3039,-0.34748,1.5955,0.47135,0.44216,1.0387,-0.47212,0.14246,0.7006,-2.961,0.53296,0.072246,1.986,1.6467,-1.3682,-0.68157,0.38166,0.28197,0.16742
-0.24298,-3.2312,-0.62753,4.2756,-3.6448,-1.252,1.9747,0.23283,-1.9997,-0.87211,0.64557,1.7298,-1.4251,-1.1945,0.50021,0.4806,0.56349,1.3236,2.5034,0.081023,0.064374,2.2932,0.38947,-1.35,-1.5492,-2.163,2.1143,-1.3256,-1.6938,-2.2098,-0.92235,-1.4929,-2.2246,-0.45847,-0.58462,-0.25351,-0.52993,0.99796,0.77828,-1.8718,-0.15957,0.97314,-3.7686,-0.76954,-2.1457,0.03518,2.4611,-0.54238,-0.44153
0.81987,-2.5251,0.42806,5.7714,-2.1449,-0.67472,-6.2558,3.9359,0.12389,5.3885,-0.82436,1.1262,-1.8128,1.3292,2.4393,2.6051,0.21922,1.2169,-0.47762,-0.97377,2.4368,-2.3921,-1.4214,0.09005,5.7349,0.47064,0.9057,-0.50122,1.3021,-1.0365,-1.9101,2.2346,-4.3396,-0.46272,-2.3219,-1.9238,-0.51104,0.45473,-0.57953,-1.4863,-2.5267,-2.025,-3.8962,3.0678,0.21248,-1.124,2.6093,-1.0153,0.60071
-0.50834,-2.4865,-2.2092,3.5949,0.10792,-1.3756,1.1345,-1.778,2.1823,-2.33,1.7292,-2.6456,-3.1646,-0.03511,2.5795,0.4871,0.61862,0.88735,4.401,-0.064894,-0.21497,2.3427,2.4988,-0.84516,0.29938,-0.40648,0.36021,-0.58769,1.8023,-8.2238,-0.80923,0.42041,-3.0054,1.5555,-0.88083,2.1397,-4.5105,-1.2042,-1.8633,0.17982,-1.5235,-1.1493,-1.4511,0.92451,2.611,-3.2583,1.8025,0.87945,-1.481
0.46808,3.0641,-0.60041,-3.2894,1.6256,-3.3672,-5.0023,-2.6456,2.8573,-2.3052,0.7512,-1.6745,1.5256,0.7024,-1.4985,-0.4928,-0.83122,-1.5019,-3.0116,0.55008,2.5263,-1.6861,-0.010919,3.0692,-2.1056,-0.89022,-2.0752,1.0439,-0.040788,0.11544,-4.3735,0.5921,-1.453,-1.2432,-1.6998,-2.3772,-1.2031,1.9425,1.3467,2.3523,-0.1984,-0.83328,-0.052233,7.284,-1.9261,-1.6711,3.2546,-0.53599,1.661
0.46312,1.4492,-4.746,0.19584,0.73195,-2.1394,3.2045,1.2874,1.7319,-1.1934,-1.3509,1.5455,5.8366,-1.4303,-3.8705,-0.021606,-0.76599,2.3916,-0.26959,-1.1124,-1.0593,-1.083,2.1298,-2.3503,-5.8609,-2.0701,-2.1223,-1.6245,-1.1221,-0.076729,-1.4538,0.52342,1.9792,-1.4559,-0.098942,-1.5219,0.48581,-1.7348,1.683,-0.42068,-0.54477,0.28326,-0.36453,0.86677,-4.9571,0.63749,0.80444,0.82875,-1.493
-0.26646,2.1515,2.51,-1.2258,1.5598,-3.8931,0.74529,-0.30162,0.2588,-4.6476,0.45267,0.12909,1.8285,-0.61537,0.41215,-1.4783,0.42621,-0.53099,2.0568,1.4514,-2.1575,-1.0244,0.50585,2.6511,-0.33645,-0.56276,-0.92558,-0.41042,-0.54496,-1.4779,0.12476,-1.0109,0.99191,-4.0392,0.36418,1.3588,-0.90647,2.4945,-3.0665,2.2923,-0.12513,0.15566,-0.46768,0.92136,-0.45611,-0.35358,1.3065,-6.309,-0.46257
-2.0497,0.84601,-2.5186,-1.3561,-2.5455,1.3019,-0.86941,-0.2266,0.81039,-1.8219,1.2031,-0.96736,-2.3849,0.3465,-0.80378,-1.3339,-0.49682,-2.2222,2.079,-0.059133,-0.19357,-4.0469,-4.7819,-0.46595,-2.6688,-0.6944,-0.56048,-1.1398,-1.0479,-2.0763,3.1388,-1.5308,1.5996,3.8082,2.003,-0.47209,-0.58394,0.088034,2.252,2.6855,3.2991,-0.067524,1.6551,-1.3239,1.5409,-0.24944,1.7567,-0.27785,0.20745
-1.2851,-3.7972,4.8978,-4.9997,2.9081,1.9059,2.6503,0.77138,3.2869,-0.16776,0.47464,1.2491,1.567,-0.069602,-2.2938,-0.77049,-0.24958,-0.74325,1.1498,0.26009,1.2891,1.1646,-5.9219,-1.7305,0.465,-3.0387,-1.038,-1.7096,0.19782,-1.0296,1.5264,-4.0879,-1.5411,0.059341,-1.6636,-1.7584,0.092255,-2.3748,-0.19858,1.3361,-0.58317,1.1044,2.3564,-1.2007,-3.6069,1.9126,2.4917,1.5692,0.40652
-2.0218,-5.2414,3.8234,-2.2026,1.2339,0.77503,-0.29614,-0.2392,1.188,4.5211,6.9836,4.8702,3.3023,0.11544,0.19384,-0.32936,-1.6566,1.5773,0.67238,0.39151,0.91763,-1.223,0.57961,-0.56062,3.1661,2.9599,2.2675,-0.6472,0.2041,3.6789,-0.78437,-2.5627,-1.026,-0.52217,-0.89552,2.9527,-0.59707,1.4838,2.7514,-1.6088,0.53674,-0.88039,1.8164,1.4232,-0.55843,2.2199,0.53629,0.3859,-0.4186
-0.44843,-0.5289,1.0098,-0.69865,-0.11067,-3.919,0.59636,-2.385,-3.7058,2.7887,1.5541,-0.19948,-2.3409,0.15642,-1.0015,-0.2958,-0.63239,-0.1448,-3.8007,-0.12755,0.17194,4.3366,0.67655,0.32404,0.78916,3.9031,1.5867,0.078274,-0.18225,1.6034,-3.8435,0.31889,0.18604,0.4143,-1.9092,0.93833,1.2383,0.028687,1.5072,3.7106,-0.65972,2.0639,-1.9322,-0.055213,-0.44088,0.070486,-3.0141,2.4933,2.4492
-1.4989,1.4388,-0.059275,-4.17,-0.18601,-1.4024,-4.0712,0.2808,2.9646,-5.0138,0.98343,-1.6807,-0.74427,1.1908,-2.6307,0.2986,-0.10028,-1.7073,-2.1965,-0.39192,1.2327,0.17379,-2.1715,-1.2271,1.0658,1.4206,1.4507,-3.2434,1.0217,0.1589,1.4124,-1.5024,5.1432,-1.4006,0.089115,2.33,0.81811,-0.89639,1.0348,2.8264,1.5095,0.91131,1.097,-1.5506,2.6892,0.55232,1.6052,-0.2089,3.762
3.9301,-1.7137,-0.44524,1.7893,2.1845,-1.5309,2.5681,1.1834,1.8232,4.1905,0.067578,3.01,-0.66337,-0.018246,0.67426,-2.5516,-0.85136,0.37737,0.56716,0.75828,1.2634,-3.0938,4.6962,-0.22384,1.7933,2.2886,-3.0568,0.21278,1.0493,-0.26417,0.13073,-0.47891,-0.43041,-1.0313,1.0362,0.16633,-0.025655,0.69262,2.3275,1.75,-0.22286,1.1738,1.6903,-2.2531,-1.9672,2.3709,0.56979,0.26394,-3.5992
0.83861,0.12552,-4.2634,5.5839,2.1225,2.1404,1.4191,-1.5932,3.9266,-0.62262,-1.8233,-0.28984,2.5825,-0.18077,-0.70332,-0.71599,1.766,2.0353,-0.50797,0.56514,2.6607,3.4651,5.3658,2.5082,-0.94434,-0.035925,-1.8084,0.42511,0.51759,0.34546,0.14786,1.0746,0.92776,-1.0197,0.28981,0.849,-1.2258,1.6627,0.10739,-2.4122,-0.31603,-0.086204,-3.2194,2.3817,-0.93285,-1.5927,-2.4308,-1.205,-3.2201
-1.1502,-0.81635,-1.212,0.50624,1.1548,-3.7962,1.1359,-2.9931,-1.4447,-2.0694,-0.92529,1.6234,-1.9661,-1.9828,0.19555,-1.8701,-0.89322,-1.5769,-4.5307,-0.598,-1.2389,-4.5733,-2.7579,-0.93214,0.54701,-1.7907,-0.97103,-0.053518,-0.311,-2.1126,-2.2142,-1.0251,-0.78476,-1.1718,-0.95548,4.5326,-1.1364,2.5078,-2.1146,1.0978,0.29093,-1.0734,-1.3072,-1.3031,-1.1734,-2.5328,1.0117,-1.1492,3.1884
0.39102,-0.19252,-1.7474,0.88326,1.4941,4.9988,-1.3618,1.8003,3.3723,4.8852,-0.99074,4.2384,-1.8069,3.3723,-0.80078,1.0444,0.44255,2.3934,-2.4102,1.167,-0.14618,-1.4817,4.3666,-2.1726,-1.4384,-0.30571,0.65969,1.4131,0.78198,1.2805,-0.20007,0.10824,2.7892,0.14791,-5.3489,-0.24802,-0.3657,1.7928,-1.8241,1.1332,-1.9386,-1.9888,-0.36739,0.59973,0.84649,0.8492,-4.2798,0.80305,-3.8456
0.33691,-1.5679,1.0988,-0.63989,-0.84493,1.5167,0.94504,2.4814,1.7759,1.302,1.0274,1.2585,-0.80916,-2.3781,-1.6419,0.30193,0.22989,-0.63624,-4.4055,1.8717,-1.7748,-1.3481,-1.3147,0.75208,3.4088,0.73121,0.48079,1.1451,-1.3972,1.9714,-0.65887,-2.1563,0.53839,1.5226,-1.1009,0.74399,-2.2575,3.5804,2.2934,2.3826,-1.4829,2.9692,-0.33561,1.3049,2.2859,1.0979,1.3766,-1.2722,-2.1088
0.28789,-1.4369,3.795,-4.3237,-2.6788,-1.6183,-1.0708,-2.1531,1.6934,0.26007,-0.32515,3.0616,-2.1985,3.1946,-0.81256,0.31574,0.74614,1.1417,-2.7879,0.39153,-0.87544,5.7277,-1.0239,-0.78822,-1.7007,-2.3791,-1.8055,-1.4444,-0.25612,1.1972,1.6014,-2.1357,1.5207,1.7054,0.62202,-0.8769,-1.0951,-5.6213,-4.4139,-0.51709,-1.1294,-1.6276,0.26133,-0.32538,-0.31918,-0.1964,2.0495,0.2082,2.7317
-0.7298,0.65034,-5.7367,-0.42135,-0.88464,2.2062,2.0621,2.6892,-1.3723,-0.36335,-3.6912,0.81565,-1.3754,-0.36676,1.9773,-0.49703,-0.21521,-0.55803,1.9041,1.2801,-2.7094,2.8183,2.5147,0.42056,1.6491,1.0179,2.5892,4.1033,1.6489,0.19387,2.7795,0.98884,5.7758,4.249,1.0454,1.546,0.75306,0.89635,2.8553,2.6854,3.1765,2.5058,2.3503,-1.0392,0.025173,1.246,5.1823,0.098946,2.6574
-0.037685,-1.9491,-1.4635,-1.1223,-2.538,-0.14736,-1.1255,-0.27567,-0.51762,-2.6253,-2.9314,0.25838,0.93692,-1.5292,-1.3867,0.0023475,-0.88587,0.86879,-0.43469,-0.24023,0.7953,-3.2145,-2.6862,-1.3719,0.13033,0.97882,0.7153,-0.12889,-3.2512,-1.4374,0.11688,-0.68299,1.5267,-1.4718,0.23069,3.6598,1.5239,-0.77727,3.3181,-0.088488,0.55496,2.0711,-1.1144,1.5659,0.51415,-3.9021,0.75318,0.22963,0.31412
2.3273,3.175,3.2348,-0.056299,2.9218,-0.82981,-0.16139,3.5751,-3.4877,1.7744,-0.25346,2.5022,0.41319,-0.72487,-2.8168,-1.8578,-0.65114,0.32853,3.7368,-0.95774,-2.6188,-3.5468,-3.8154,1.7559,2.4199,0.23773,1.306,1.2023,-0.69438,-1.8583,-1.5306,0.68751,-3.3095,-0.917,-6.8799,1.1011,0.66917,-0.74756,-0.99605,-4.401,1.3159,1.3258,-2.2328,0.97531,-0.78532,0.015041,-3.6803,0.4152,-1.3585
-2.5141,0.35524,-1.0175,-1.1631,3.5643,-1.2723,2.4908,-2.9683,-0.04737,-5.3852,-0.69371,2.2097,2.3967,0.13088,-2.6252,-0.33906,0.2785,-2.4398,1.5114,-0.88575,1.6102,-0.3747,-2.9587,0.7205,-0.39363,-0.63588,-1.1989,0.7563,3.5312,-0.40655,1.4065,3.3736,4.218,2.0929,2.3367,-0.74895,-0.88105,1.5136,0.18465,-0.78132,0.85867,-1.2442,1.2627,1.3398,-0.11816,1.7601,-0.31179,-1.4397,-2.0086
0.16481,5.1765,2.1838,1.2221,0.22489,3.3103,-1.2035,-0.62578,1.0999,-1.3621,0.56621,-1.2551,-3.7052,0.35776,0.52495,-0.29854,-1.5184,0.50693,2.5707,0.10589,-1.5625,1.853,-4.3083,2.3526,-0.4575,3.8013,0.27177,-2.3176,-2.5703,1.8469,-2.0217,0.53113,4.3782,0.10542,-0.22634,-3.3071,-1.2125,1.391,2.8459,0.55732,0.31019,1.9119,-1.3813,1.5612,3.237,-0.36413,-2.2949,1.6989,1.1946
-1.6401,-0.26869,-2.204,-6.6369,-0.88449,1.8699,1.2732,0.17315,-0.68699,-7.085,0.67023,0.63314,-2.8345,-0.78924,-1.9483,1.5701,0.61213,-2.6037,-1.61,-0.54966,0.60064,-4.7081,1.9538,1.0649,-1.596,-2.8887,-0.1778,-0.80585,-2.1283,-0.39096,-4.6783,-2.7569,-2.1307,-1.5493,-0.82142,-0.54112,-3.4096,-1.2474,-1.7274,-2.7939,-1.2109,-2.7499,-2.1435,-1.5885,-0.48255,0.35593,-3.9508,0.3597,4.859
0.53035,2.7037,0.1496,0.18732,-0.4337,-0.22089,-0.52755,0.98625,3.5095,1.4851,-0.94994,-2.0871,-0.52535,0.59452,2.3102,1.1207,-0.2435,-0.42423,-2.3222,0.11817,-0.77026,2.3001,-0.14672,0.096321,2.4126,-2.6273,0.53202,-1.4339,0.33132,-2.8535,-2.6552,-0.42975,-0.27107,0.33079,-0.59443,0.065348,0.34516,-0.58326,-2.237,5.2739,-1.8136,-0.89792,1.6874,-3.2851,-2.0285,-1.8977,-3.0752,-1.8759,-4.3494
-0.8961,0.17364,3.1569,-0.51247,-2.833,-0.015122,-3.7802,0.41772,-2.9579,-1.2858,-0.83613,1.8595,-0.39291,1.5272,1.4082,0.98198,1.2757,-1.0674,1.0585,0.059861,-1.7942,5.9204,-2.182,-0.57873,-1.347,1.2188,-1.2926,-0.77896,-0.84577,-0.90223,-0.2389,-0.52656,1.0711,1.4075,-0.80543,-0.26074,-2.0963,0.16702,1.1498,-2.5353,1.4826,-1.0947,-1.4052,-1.1547,1.5997,-1.0519,-2.348,-1.0277,0.57336
1.1734,-0.9255,1.5265,1.5605,-0.26709,2.6126,2.7518,6.3771,-0.92391,1.1097,-0.44392,-1.2207,2.4907,-2.1454,2.0349,0.2758,1.9137,2.1714,-1.5324,1.3125,-0.57869,-1.6156,-1.6601,1.4394,1.1835,4.4601,2.427,1.0202,-2.7327,0.047802,0.49465,4.8623,-0.57456,0.64288,2.9231,0.8316,1.234,2.7474,-2.0965,-3.5832,-0.72916,2.2227,0.43053,2.1632,-0.09384,0.35317,-4.9382,3.68,-0.56974
1.0668,-1.7341,2.283,1.3435,0.58474,1.0012,-0.24918,4.1681,-0.036021,1.421,6.6592,-1.7116,2.1275,0.85736,-1.2984,-0.20708,1.1307,0.17998,-1.5583,0.65733,0.53012,1.1485,-4.0203,-0.49727,0.49599,-2.878,0.25966,-1.4347,-0.11563,-7.6874,-3.1094,0.31411,1.3149,-0.60291,0.29025,-1.1851,-2.3309,-0.6992,1.935,2.4172,-0.48284,-0.95751,-2.088,1.7448,-2.0991,-0.27827,-0.20692,0.20863,-1.8327
-0.92843,-0.83585,0.55635,-2.832,0.80814,-1.1829,-0.061782,-2.3877,2.2099,-3.6786,-1.8144,2.2329,-1.6712,-0.85445,-0.97813,-0.86585,0.75059,-0.34832,-1.1236,-0.80022,-1.6219,-1.4213,0.42083,0.3018,-1.2904,-1.1719,-1.3245,-1.4071,-1.7838,-3.4027,-0.65263,-0.9325,-0.086656,-0.94344,0.27207,-0.57451,-1.644,-7.9832,0.10335,4.2642,-1.0309,2.4196,-1.7003,-0.15802,1.309,-2.8103,0.87714,-0.47853,-2.1015
-2.3344,6.9432,0.1815,-0.03397,-0.7723,3.3584,-2.4043,0.15959,-4.2688,2.4651,1.5936,2.061,3.1418,0.078094,1.3136,1.4291,0.31384,-0.99693,0.64118,0.75521,0.20115,0.45563,-0.50716,1.0678,0.56469,1.0856,2.3002,0.90192,0.91746,1.4225,-0.66879,0.30917,0.84712,4.4379,1.0076,1.2832,2.5895,-1.987,1.2787,-1.2641,4.2744,0.84744,2.0168,1.248,5.1846,-1.4493,0.99857,1.6155,1.5272
-1.6766,-4.1145,1.9202,-2.3108,-0.10357,-1.5886,0.095672,1.4438,-0.93667,0.25564,-7.2173,-0.97263,1.2951,-1.9161,0.75121,-1.0061,-1.5317,1.6668,-0.4757,1.1733,-2.6869,1.8671,3.5416,2.1826,0.25987,1.5084,-0.7493,0.32109,-1.9959,-0.55169,0.90044,-1.2063,-1.1237,3.9029,1.1982,0.88265,0.068583,1.741,1.5556,-3.4087,1.8597,0.093375,-0.03116,0.92588,-1.6194,0.062532,2.1262,0.88825,-2.2945
-0.90538,2.4399,2.3783,0.53142,1.9574,2.2196,0.22351,-3.8044,1.1414,0.44102,5.8754,0.53206,0.16175,2.0599,2.3018,-1.6657,-3.242,0.13017,2.1619,-1.5361,-1.4696,-0.47968,3.2651,-0.39149,-3.4684,0.64259,-1.4748,-0.98779,-2.1989,-0.020067,-1.4067,0.15833,-2.1072,-0.51429,-0.60731,-0.18707,-0.34111,1.4501,-2.3948,-3.3905,0.18524,-1.1639,-0.42919,-1.546,-2.6761,-2.0405,4.3366,2.7886,-2.451
2.5811,-1.4387,-2.025,0.0024462,-1.4859,0.26801,0.0028979,-0.33488,1.5664,-0.38664,-0.78801,-1.4504,1.382,-1.6854,0.34919,-3.0837,0.18698,0.88044,-2.5713,0.29309,0.62457,-4.476,2.4032,-0.0273,5.1675,1.5672,2.095,-0.4598,-0.26828,0.8312,2.0555,0.55314,-2.7712,0.38778,1.6861,1.2082,-1.3864,-1.3648,1.7826,-2.2105,0.2657,1.2209,0.47911,-0.59843,0.0065168,1.5677,1.4972,-1.4762,-1.6087
-0.4723,3.6738,2.4655,-2.5138,-1.3272,2.1129,0.28986,-0.69211,-0.77702,-1.4115,0.8107,0.70243,0.3924,1.8612,-2.8328,0.14522,-0.50923,2.5634,2.7946,0.2719,-0.49085,2.6312,2.1082,0.53603,1.5141,0.65013,0.78177,-1.8943,-1.3694,0.46271,-0.50796,0.020187,1.8697,-0.055866,-0.16022,-2.7305,-3.5835,-1.0962,-0.48067,3.2327,-1.4794,0.74848,-0.981,-1.5502,0.74971,-0.6356,5.099,1.5322,0.14296
0.16602,0.11978,0.60232,-4.3349,-0.88063,0.75179,-1.9197,0.017517,3.614,-1.2131,-0.9391,-5.1032,0.17061,0.53337,-2.0862,0.44435,-0.65805,-0.572,1.9682,0.057076,-1.991,-2.8745,2.4021,0.045573,1.5561,2.1736,1.6661,0.34295,0.52052,0.57949,1.6414,1.1884,4.1366,1.8934,-0.019902,0.041736,0.78763,0.92379,0.11001,3.6023,1.1213,0.20938,1.5884,1.751,-0.1237,3.6423,1.6836,0.83281,1.0908
-2.5585,-1.0816,4.0806,-2.3261,-2.5278,-3.0956,0.73832,0.38496,0.5477,-1.4463,0.8345,1.9971,-2.4192,-1.1603,0.5718,2.0294,1.3443,-0.16514,0.3644,0.46508,1.7683,-1.2922,-4.7401,-0.12948,-1.2957,-1.0338,-1.4394,-0.75673,1.098,-0.60793,0.79221,0.046622,0.81651,-1.6928,0.4836,1.3895,1.1363,-0.042341,1.3574,4.266,0.94386,0.17953,0.33717,0.089135,4.8888,-0.20633,1.339,-0.99895,-0.096627
-1.7121,-1.1995,-1.0165,-2.3597,0.89436,2.9794,-2.0344,-0.72698,2.6451,0.9548,-0.13403,1.2651,-4.5007,2.0974,0.75181,-0.63159,-1.435,1.3869,0.29937,-0.14845,-0.74022,4.7174,4.8312,1.5803,-0.24808,-1.5681,-0.53277,0.88774,-3.2818,-0.21127,-0.0053361,0.56094,0.2555,3.0004,-0.94785,-1.6269,0.43288,0.75074,-1.9278,-1.374,-0.8996,-1.3346,1.143,-1.1347,-1.0333,-0.63307,-2.5156,-1.5571,-0.41284
-0.90655,-0.74951,-2.1795,-1.4859,0.20105,-2.2388,1.5146,1.36,0.38073,-2.5406,-1.6527,-4.0263,-1.4084,-0.5463,0.12118,0.83964,2.382,0.57402,2.098,0.94332,-0.6629,3.2772,1.1332,-0.23432,-1.5156,-1.6643,-0.8795,-2.7397,-2.414,1.5812,0.29188,-0.29035,-3.3994,-1.9165,-2.2842,-0.5445,0.18632,0.060002,-2.0942,-5.5306,-1.1358,-0.98319,-2.3216,1.5986,0.76601,-2.661,-3.0754,-1.3167,-3.0668
0.12868,-5.4637,0.81916,-1.9379,-5.0366,0.44213,-1.7912,-0.90832,5.2039,2.4599,0.75057,-2.2143,0.45524,-0.88794,1.1659,-1.2932,-0.22577,-2.556,1.4736,-0.27541,2.6656,-3.5756,-2.6716,-2.4543,-1.4819,-1.9054,5.4113,-1.03,-0.12754,-0.6553,0.46982,-3.7929,1.9586,1.7777,1.6882,0.64436,0.13223,-1.1955,0.65829,-2.8951,0.4553,0.5203,-1.7028,-2.2883,1.4081,-0.21926,-2.4479,1.3138,0.65436
2.3796,5.4061,-0.78337,-1.4167,0.084573,-1.4653,-2.0576,1.2123,-3.1552,0.36199,1.0611,-2.191,1.5137,-0.87142,-1.4796,-0.87429,-1.1753,-1.6225,-0.042399,1.3375,-1.2298,-1.2966,-1.2004,0.11846,-1.4915,-2.2154,-1.5552,-0.65494,-0.88661,-0.55496,-0.28408,-1.3097,-3.7078,0.39159,-2.4259,-2.5584,-0.58176,-0.23705,-4.0753,-2.9957,-1.5072,-0.23866,0.83407,0.22959,0.7657,-1.9268,-0.60455,-2.0743,-2.3349
-0.49596,1.2698,0.67988,-0.60357,-1.2182,-1.2854,2.7461,0.17393,0.24788,4.6582,-1.6693,-2.9559,1.6492,0.67971,-0.79753,-1.215,-0.53362,-1.0221,-2.354,0.90025,-1.6303,5.3246,0.22974,-0.2357,1.1865,-2.42,0.91783,0.81566,4.781,2.2554,-0.81728,-1.9867,-2.7162,1.9393,0.28252,-1.4495,-1.1767,-0.63853,2.9097,-1.547,2.3103,0.43163,1.6272,0.20778,1.8855,0.80193,0.21434,-0.9439,-1.3175
-0.52993,-0.8508,1.0217,-2.6486,0.72627,-1.1887,-0.028385,1.5936,-1.3547,-1.8432,0.71356,0.6132,-2.5329,0.81966,-0.076112,-2.0385,0.074083,0.054571,-1.2257,1.0755,0.15338,-0.62134,0.86421,-0.42436,-0.47133,-1.1198,-0.08979,-1.5215,-1.6245,0.59042,1.3643,-1.5179,-0.57432,1.3406,-0.83061,-0.037863,-0.91581,0.11933,0.44599,-4.8186,-1.1094,-1.7672,0.60427,-2.0787,2.6093,-0.55561,0.14242,-1.7125,4.2117
2.7272,2.1047,2.5014,4.4023,1.0827,-2.1557,-1.1682,-0.22766,0.82374,0.8711,0.67992,0.44061,-1.5932,2.32,-0.48897,-0.29782,-1.7964,0.70755,-4.5256,-0.72524,-1.5312,-0.36431,3.6848,-0.15169,-0.39821,-2.7715,-6.9731,-0.92834,0.7219,-0.31852,-2.4688,0.089157,2.3442,1.5595,1.9749,-0.8374,-0.59049,-1.0338,-1.2737,-1.4896,3.3798,-2.2228,0.5461,-2.436,-1.7913,-3.1542,1.243,-1.372,1.33
1.319,8.3018,2.0591,2.3142,0.59691,1.8064,-2.644,-0.4515,-0.041609,2.6996,-0.05157,0.064049,9.481,1.5101,-0.98727,0.92293,-0.65452,-1.118,8.0752,0.18163,0.64569,1.1595,0.051686,2.5255,0.50745,0.25136,0.53031,1.3683,2.7726,2.59,1.6904,1.5717,3.1455,2.3508,0.73382,3.4331,0.72474,-0.16735,1.9183,-0.8801,4.813,2.3897,3.7794,3.5943,1.1124,3.28,-3.1102,3.1927,1.5682
-0.99392,-0.19051,0.51564,-3.1547,-3.2693,-4.0973,2.467,-2.8388,1.3837,6.4046,3.6445,0.90416,0.61974,-0.52152,0.37075,1.0562,1.0007,0.98503,2.7602,0.81749,0.195,-4.8494,-1.5932,0.085241,0.67114,1.3555,0.8004,4.9397,1.9157,-1.9066,-0.81573,1.9458,0.42999,3.029,-0.72137,2.2338,0.70486,1.6041,1.3792,-0.88975,1.1944,-0.054859,1.7299,0.77178,0.2066,2.6965,-0.55433,3.9765,2.2645
0.53801,1.0526,5.7789,-1.5452,-3.1577,-3.7599,-0.82445,3.4013,0.22235,-1.8975,0.98807,-0.52678,-0.42926,-0.89982,-0.56959,0.61655,-0.56633,-0.3422,-1.3863,-0.2213,-0.19529,-3.0746,-5.1892,-0.16938,-0.62146,2.2428,-0.71865,-0.39511,-0.055737,1.3671,-2.4082,1.534,-0.38364,-0.67866,-0.069683,0.27834,-1.0729,-1.1309,-0.86397,2.3526,-1.7986,0.059812,1.5151,-1.572,1.7619,-0.81816,3.1232,-0.39303,0.48866
-1.8186,0.41107,2.7427,-3.921,0.60423,4.3893,0.47482,-0.43963,-4.0278,1.419,1.8644,3.6459,1.6015,2.3945,2.7833,0.18406,0.96464,-0.65653,0.54679,0.086509,-0.060573,3.2365,-1.419,0.38688,-1.305,0.45398,2.1217,1.1514,1.271,1.6096,1.7691,0.56764,-0.71402,1.3838,-0.52905,0.7579,1.9065,1.7138,1.0792,0.21209,0.10582,1.0429,1.2565,0.74713,2.2046,3.2627,3.3913,3.1379,-1.1277
2.544,4.8318,0.062993,-1.8232,0.24234,-1.3497,-1.462,-0.80313,0.84248,4.2572,0.9261,-1.335,-0.78041,0.76978,1.4651,0.6639,-0.684,2.1505,0.51325,-0.53784,-2.4925,0.71425,1.5973,1.1871,2.5674,1.0614,1.6196,0.076131,2.5273,0.62791,0.402,-0.29218,3.8942,-0.65103,-0.38876,0.62667,2.2643,-0.94733,0.54037,2.6487,0.90824,0.9503,0.27731,-1.0591,-1.5222,1.8616,-3.6062,0.43597,2.2811
0.67866,6.6952,-6.4834,3.3879,-1.5044,2.5642,-1.1291,-0.48157,3.8493,-2.2084,1.1867,1.3315,1.2075,0.87436,0.016435,0.62923,-0.86253,-0.49418,0.59184,0.27194,2.4269,1.3113,2.5401,-0.012257,0.32101,-2.1019,-0.27956,-0.82551,0.097044,-0.65781,-1.4292,-1.8078,0.50752,-0.63478,0.49894,1.4126,-2.458,-0.50994,-0.82738,-2.8805,-2.1239,-1.9573,-1.4888,-1.426,0.25939,-0.07954,-6.4065,-3.1512,-1.316
1.442,-3.4647,1.1686,-3.5673,2.8053,2.2692,0.37498,-0.86541,-5.3091,-1.3135,-5.7438,-4.4099,-1.4295,0.6057,1.9427,-1.0842,-0.9008,-1.011,-0.78018,0.042746,1.924,-1.0162,1.4798,1.1923,0.27209,0.9964,0.2879,-0.35338,1.9661,-3.5706,-0.18063,-2.8226,5.0457,2.5778,1.085,0.010235,-1.196,2.0681,-7.3385,2.7424,-1.4198,-6.8119,-0.49329,-3.3717,2.1426,-0.27269,2.7755,-0.38838,2.4821
