-2.0846
2.1946
-0.36637
-2.6798
0.97943
-3.252
0.43287
1.8204
0.20505
1.387
-1.5628
0.16056
-1.9293
0.6819
-1.5528
-0.69152
-2.2662
-0.68641
0.29449
-0.26946
0.28752
-0.1264
1.1195
1.2889
0.69632
0.52386
2.2482
1.0478
-0.11282
2.2705
-1.6192
-2.2662
-0.89223
0.5178
1.5084
-0.15246
-1.4518
-2.3428
-0.9817
0.40564
-0.43659
-0.66919
-0.78257
-0.090928
-0.76904
2.3004
-1.2869
1.7219
-0.38593
-0.2375
-0.30446
2.0308
0.45001
1.1411
0.91285
2.123
-1.5784
2.2391
1.2741
0.1693
-1.2578
-0.70206
-1.5336
0.37405
0.38267
-0.35402
-0.54162
2.3566
-1.7949
0.063208
-1.7094
1.0468
-0.22758
4.5835
0.13199
1.7684
-2.1712
-0.49215
3.0574
-1.801
-1.1126
1.1208
-0.16338
0.7834
-1.9043
0.68095
0.6146
1.7911
0.12474
1.0591
-2.929
0.47133
-1.9932
-3.0067
-1.3129
0.60235
-2.0323
0.2007
0.8969
-0.2104
